Station.Code,Latitude,Longitude,GMT.Offset
1,acebbnut  ,32.4941,80.3241,-5
2,acebbwq   ,32.4941,80.3241,-5
3,acebpmet  ,32.559344,80.454558,-5
4,acefcnut  ,32.6358,80.3655,-5
5,acefcwq   ,32.6358,80.3655,-5
6,acemcnut  ,32.5558,80.438,-5
7,acemcwq   ,32.5558,80.438,-5
8,acercwq   ,32.5485,80.5036,-5
9,acespnut  ,32.5233,80.3568,-5
10,acespwq   ,32.5233,80.3568,-5
11,apacpnut  ,29.7021,84.8802,-5
12,apacpwq   ,29.7021,84.8802,-5
13,apadbnut  ,29.6747,85.0583,-5
14,apadbwq   ,29.6747,85.0583,-5
15,apaebmet  ,29.7909,84.8834,-5
16,apaebnut  ,29.7858,84.8752,-5
17,apaebwq   ,29.7858,84.8752,-5
18,apaegnut  ,29.7308,84.9452,-5
19,apaesnut  ,29.7858,84.8752,-5
20,apaeswq   ,29.7858,84.8752,-5
21,apambnut  ,29.6677,84.994,-5
22,apanhnut  ,29.6504,84.9289,-5
23,apapcnut  ,29.6079,85.0196,-5
24,aparvnut  ,29.7791,85.0434,-5
25,apascnut  ,29.6067,84.9467,-5
26,apawpnut  ,29.6379,85.089,-5
27,cbmipnut  ,38.796,76.7208,-5
28,cbmipwq   ,38.796,76.7208,-5
29,cbmjbmet  ,38.7807,76.7081,-5
30,cbmjbwq   ,38.7792,76.7077,-5
31,cbmmcnut  ,38.7433,76.7074,-5
32,cbmmcwq   ,38.7433,76.7074,-5
33,cbmocnut  ,39.4507,76.2746,-5
34,cbmocwq   ,39.4507,76.2746,-5
35,cbmprwq   ,38.7732,76.7091,-5
36,cbmrrnut  ,38.7813,76.7137,-5
37,cbmrrwq   ,38.7813,76.7137,-5
38,cbvcbnut  ,37.34855,76.61123,-5
39,cbvcbwq   ,37.346665,76.611263,-5
40,cbvcinut  ,37.3,76.55,-5
41,cbvginut  ,37.21739,76.3954,-5
42,cbvgiwq   ,37.215796,76.392675,-5
43,cbvshnut  ,37.57138,76.88424,-5
44,cbvshwq   ,37.57138,76.88424,-5
45,cbvtcmet  ,37.4141,76.71237,-5
46,cbvtcnut  ,37.41497,76.71441,-5
47,cbvtcwq   ,37.414986,76.71442,-5
48,cbvybnut  ,37.2449,76.5052,-5
49,delbbnut  ,39.4024,75.628,-5
50,delblnut  ,39.38876,75.636,-5
51,delblwq   ,39.38876,75.636,-5
52,deldsnut  ,39.1637,75.5191,-5
53,deldswq   ,39.1637,75.5191,-5
54,delllnut  ,39.1144,75.4992,-5
55,delllwq   ,39.1144,75.4992,-5
56,delpbwq   ,39.1647,75.6504,-5
57,delsjmet  ,39.0889,75.4368,-5
58,delslnut  ,39.08498,75.46058,-5
59,delslwq   ,39.08498,75.46058,-5
60,deltbnut  ,39.4049,75.5996,-5
61,elkapnut  ,36.8457,121.7538,-8
62,elkapwq   ,36.8457,121.7538,-8
63,elkcwmet  ,36.818056,121.739394,-8
64,elknmnut  ,36.8346,121.7384,-8
65,elknmwq   ,36.8346,121.7384,-8
66,elksmnut  ,36.8179,121.7394,-8
67,elksmwq   ,36.8179,121.7394,-8
68,elkvmnut  ,36.8111,121.7792,-8
69,elkvmwq   ,36.8111,121.7792,-8
70,gndbcwq   ,30.3836,88.4364,-6
71,gndbhwq   ,30.4178,88.4054,-6
72,gndblwq   ,30.3571,88.4629,-6
73,gndcrwq   ,30.3599,88.419,-6
74,gndbhnut  ,30.4178,88.4054,-6
75,gndcrnut  ,30.3591,88.42,-6
76,gndpcnut  ,30.3486,88.4185,-6
77,gndbcnut  ,30.3836,88.4364,-6
78,gndblnut  ,30.3571,88.4629,-6
79,gndbnnut  ,30.3669,88.471,-6
80,gndpcwq   ,30.3486,88.4185,-6
81,gndcrmet  ,30.3592,88.42,-6
82,grbglmet  ,43.058768,70.830383,-5
83,grbgbmet  ,43.0921,70.8642,-5
84,grbgbnut  ,43.0722,70.8694,-5
85,grbgbwq   ,43.0722,70.8694,-5
86,grblrnut  ,43.08,70.9344,-5
87,grblrwq   ,43.08,70.9344,-5
88,grbornut  ,43.134,70.911,-5
89,grborwq   ,43.134,70.911,-5
90,grbsqnut  ,43.052403,70.911811,-5
91,grbsqwq   ,43.052403,70.911811,-5
92,gtmfmnut  ,29.737041,81.245953,-5
93,gtmfmwq   ,29.737041,81.245953,-5
94,gtmpcmet  ,29.657702,81.232743,-5
95,gtmpcnut  ,29.667071,81.257403,-5
96,gtmpcwq   ,29.667071,81.257403,-5
97,gtmpinut  ,30.050857,81.367465,-5
98,gtmpiwq   ,30.050857,81.367465,-5
99,gtmssnut  ,29.868851,81.307428,-5
100,gtmsswq   ,29.868851,81.307428,-5
101,hudfsmet  ,42.0182,73.917,-5
102,hudscnut  ,42.0463,73.9108,-5
103,hudscwq   ,42.0463,73.9108,-5
104,hudsknut  ,42.0171,73.9148,-5
105,hudskwq   ,42.0171,73.9148,-5
106,hudtnnut  ,42.0365,73.9253,-5
107,hudtnwq   ,42.0365,73.9253,-5
108,hudtsnut  ,42.027,73.9259,-5
109,hudtswq   ,42.027,73.9259,-5
110,jacb5nut  ,39.5188,74.2872,-5
111,jacb6nut  ,39.5079,74.3385,-5
112,jacb6wq   ,39.5079,74.3385,-5
113,jacb9nut  ,39.4902,74.3816,-5
114,jacb9wq   ,39.4902,74.3816,-5
115,jacbanut  ,39.5937,74.5515,-5
116,jacbawq   ,39.5937,74.5515,-5
117,jacncmet  ,39.535,74.4636,-5
118,jacnenut  ,39.5479,74.4608,-5
119,jacnewq   ,39.5479,74.4608,-5
120,job06wq   ,17.934986,66.227933,-4
121,job09nut  ,17.943669,66.238486,-4
122,job09wq   ,17.943669,66.238486,-4
123,job10nut  ,17.938611,66.257736,-4
124,job10wq   ,17.938611,66.257736,-4
125,job11wq   ,17.944608,66.262028,-4
126,job18wq   ,17.944433,66.231881,-4
127,job19nut  ,17.942914,66.228825,-4
128,job19wq   ,17.942914,66.228825,-4
129,job20nut  ,17.930317,66.211472,-4
130,job20wq   ,17.930317,66.211472,-4
131,jobjbmet  ,17.956483,66.2229333,-4
132,kacbcwq   ,59.70567,151.1094,-9
133,kacdlwq   ,59.60232,151.41,-9
134,kachdnut  ,59.60201,151.40878,-9
135,kachdwq   ,59.60201,151.40878,-9
136,kachhnut  ,59.60342,151.41726,-9
137,kachomet  ,59.60093,151.4095,-9
138,kachowq   ,59.60232,151.41,-9
139,kachsnut  ,59.60201,151.40878,-9
140,kachswq   ,59.60201,151.40878,-9
141,kacpgwq   ,59.37053,151.89612,-9
142,kacsdnut  ,59.44099,151.72096,-9
143,kacsdwq   ,59.44099,151.72096,-9
144,kacsewq   ,59.44099,151.72096,-9
145,kacssnut  ,59.44099,151.72096,-9
146,kacsswq   ,59.44099,151.72096,-9
147,kach3wq   ,59.60205,151.40942,-9
148,lksolwq   ,46.65685,92.20166,-6
149,lkspomet  ,46.67236,92.135614,-6
150,lksblwq   ,46.748649,92.10027,-6
151,lksbawq   ,46.721772,92.06352,-6
152,lksbanut  ,46.721772,92.06352,-6
153,lksblnut  ,46.748649,92.10027,-6
154,lksbonut  ,46.73169,92.14257,-6
155,lksolnut  ,46.65685,92.20166,-6
156,lkspowq   ,46.67236,92.135614,-6
157,marscwq   ,27.8383,97.0503,-6
158,marcewq   ,28.1323,97.0344,-6
159,marabwq   ,27.9798,97.0287,-6
160,marmbwq   ,28.1384,96.8285,-6
161,marcwwq   ,28.0841,97.2009,-6
162,marcemet  ,28.1323,97.0344,-6
163,marmbnut  ,28.1384,96.8285,-6
164,marabnut  ,27.9798,97.0287,-6
165,marcenut  ,28.1323,97.0344,-6
166,marcwnut  ,28.0841,97.2009,-6
167,marscnut  ,27.8383,97.0503,-6
168,narncnut  ,41.62485,71.324283,-5
169,narncwq   ,41.62485,71.324283,-5
170,narpcmet  ,41.637139,71.339386,-5
171,narpcnut  ,41.64055,71.340881,-5
172,narpcwq   ,41.64055,71.340881,-5
173,nartbnut  ,41.578361,71.321125,-5
174,nartbwq   ,41.578361,71.321125,-5
175,nartsnut  ,41.578361,71.321125,-5
176,nartswq   ,41.578361,71.321125,-5
177,nartwnut  ,41.5789,71.3215,-5
178,nartwwq   ,41.5789,71.3215,-5
179,niwcawq   ,33.45,79.1667,-5
180,niwcbnut  ,33.3338636,79.1930411,-5
181,niwcbwq   ,33.3338636,79.1930411,-5
182,niwdcnut  ,33.3601486,79.1674572,-5
183,niwdcwq   ,33.3601486,79.1674572,-5
184,niwolmet  ,33.3493511,79.1888819,-5
185,niwolnut  ,33.3493511,79.1888819,-5
186,niwolwq   ,33.3493511,79.1888819,-5
187,niwtanut  ,33.2991461,79.2560564,-5
188,niwtawq   ,33.2991461,79.2560564,-5
189,nocecnut  ,33.9399,77.9411,-5
190,nocecwq   ,33.9399,77.9411,-5
191,noclcnut  ,34.1722,77.8328,-5
192,noclcwq   ,34.1722,77.8328,-5
193,nocrcmet  ,34.1555,77.8509,-5
194,nocrcnut  ,34.156,77.8499,-5
195,nocrcwq   ,34.156,77.8499,-5
196,noczbnut  ,33.9547,77.935,-5
197,noczbwq   ,33.9547,77.935,-5
198,owcbrnut  ,41.3483,82.5083,-5
199,owcbrwq   ,41.3483,82.5083,-5
200,owcolnut  ,41.3819,82.5142,-5
201,owcolwq   ,41.3819,82.5142,-5
202,owcowmet  ,41.37778,82.508056,-5
203,owcsunut  ,41.3672,82.5072,-5
204,owcsuwq   ,41.3672,82.5072,-5
205,owcwmnut  ,41.3825,82.515,-5
206,owcwmwq   ,41.3825,82.515,-5
207,owcdrwq   ,41.364978,82.504739,-5
208,owcdrnut  ,41.364978,82.504739,-5
209,pdbjewq   ,48.518917,122.474972,-8
210,pdbgdnut  ,48.5583,122.5725,-8
211,pdbjenut  ,48.518917,122.474972,-8
212,pdbbpnut  ,48.5565,122.5296,-8
213,pdbbpwq   ,48.5565,122.5296,-8
214,pdbbynut  ,48.4963,122.5005,-8
215,pdbbywq   ,48.4963,122.5005,-8
216,pdbgsnut  ,48.5583,122.5725,-8
217,pdbgswq   ,48.5583,122.5725,-8
218,pdbjlnut  ,48.5181,122.473,-8
219,pdbjlwq   ,48.5181,122.473,-8
220,pdbnnwq   ,48.4695,122.4674,-8
221,pdbpfmet  ,48.463847,122.469303,-8
222,rkbbmwq   ,25.979,81.7375,-5
223,rkbbrwq   ,25.9678,81.5908,-5
224,rkbfbnut  ,25.8922,81.477,-5
225,rkbfbwq   ,25.8922,81.477,-5
226,rkbfunut  ,25.9005,81.5159,-5
227,rkbfuwq   ,25.9005,81.5159,-5
228,rkbhcmet  ,26.0249,81.7316,-5
229,rkblhnut  ,26.0257,81.7332,-5
230,rkblhwq   ,26.0257,81.7332,-5
231,rkbmbnut  ,25.9343,81.5946,-5
232,rkbmbwq   ,25.9343,81.5946,-5
233,rkbuhmet  ,26.050067,81.701717,-5
234,rkbuhwq   ,26.049,81.7012,-5
235,rkbpbnut  ,25.9141,81.5404,-5
236,sapbcwq   ,31.4392,81.2786,-5
237,sapcanut  ,31.4437,81.2399,-5
238,sapcawq   ,31.4437,81.2399,-5
239,sapdcnut  ,31.3896,81.2789,-5
240,sapdcwq   ,31.3896,81.2789,-5
241,sapfdnut  ,31.4828,81.2675,-5
242,sapfdwq   ,31.4828,81.2675,-5
243,saphdnut  ,31.4786,81.2731,-5
244,saphdwq   ,31.4786,81.2731,-5
245,sapldnut  ,31.4177,81.2961,-5
246,sapldwq   ,31.4177,81.2961,-5
247,sapmlmet  ,31.4178,81.29535,-5
248,sapmlnut  ,31.4177,81.2961,-5
249,sapmlwq   ,31.4177,81.2961,-5
250,sfbfmnut  ,38.1949,122.0328,-8
251,sfbsmnut  ,38.1841,122.0136,-8
252,sfbccnut  ,38.0012,122.4604,-8
253,sfbgcnut  ,38.0159,122.5085,-8
254,sfbfmwq   ,38.1949,122.0328,-8
255,sfbsmwq   ,38.1841,122.0136,-8
256,sfbgcwq   ,38.0159,122.5085,-8
257,sfbrrmet  ,38.2004,122.0265,-8
258,sfbccwq   ,38.0012,122.4604,-8
259,sosecwq   ,43.296501,124.310729,-8
260,sosbhnut  ,43.3501,124.3286,-8
261,soschnut  ,43.3377,124.320533,-8
262,soschwq   ,43.3377,124.320533,-8
263,soscmmet  ,43.34505,124.328733,-8
264,soscsnut  ,43.3451,124.3287,-8
265,sossewq   ,43.289683,124.302617,-8
266,sosvanut  ,43.317217,124.321633,-8
267,sosvawq   ,43.317217,124.321633,-8
268,soswinut  ,43.282417,124.320317,-8
269,soswiwq   ,43.282417,124.320317,-8
270,tjrbrwq   ,32.5595,117.1288,-8
271,tjrhpnut  ,32.55874,117.11926,-8
272,tjrmmnut  ,32.5478,117.123,-8
273,tjrmmwq   ,32.5478,117.123,-8
274,tjrosnut  ,32.56829,117.13127,-8
275,tjroswq   ,32.56829,117.13127,-8
276,tjrrcnut  ,32.5578,117.1061,-8
277,tjrrcwq   ,32.5578,117.1061,-8
278,tjrrmnut  ,32.5537,117.1262,-8
279,tjrtlmet  ,32.5745,117.127,-8
280,tjrtlnut  ,32.5744,117.1272,-8
281,tjrtlwq   ,32.5744,117.1272,-8
282,tjrsbwq   ,32.600136,117.115692,-8
283,tjrbrnut  ,32.5595,117.1288,-8
284,tjrpewq   ,32.59612,117.11822,-8
285,tjrsbnut  ,32.600136,117.115692,-8
286,tjrpenut  ,32.59612,117.11822,-8
287,welsmnut  ,43.344711,70.549217,-5
288,weldnwq   ,43.3289,70.5603,-5
289,welhtnut  ,43.298347,70.587094,-5
290,welhtwq   ,43.298347,70.587094,-5
291,welinnut  ,43.320089,70.563442,-5
292,welinwq   ,43.320089,70.563442,-5
293,wellfmet  ,43.337375,70.549444,-5
294,wellmnut  ,43.340153,70.540603,-5
295,wellmwq   ,43.340153,70.540603,-5
296,welmlnut  ,43.305,70.5764,-5
297,welmlwq   ,43.305,70.5764,-5
298,welsmwq   ,43.344711,70.549217,-5
299,welupwq   ,43.3306,70.5572,-5
300,wkbfrnut  ,30.4162,87.8228,-6
301,wkbfrwq   ,30.4162,87.8228,-6
302,wkbmbnut  ,30.3961,87.8335,-6
303,wkbmbwq   ,30.3961,87.8335,-6
304,wkbmrnut  ,30.39,87.8177,-6
305,wkbmrwq   ,30.39,87.8177,-6
306,wkbwbmet  ,30.4148,87.826,-6
307,wkbwbnut  ,30.3808,87.832,-6
308,wkbwbwq   ,30.3808,87.832,-6
309,wkbwsnut  ,30.41481,87.826,-6
310,wkbshmet  ,30.4212,87.8285,-6
311,wqbcbwq   ,41.5655,70.5211,-5
312,wqbchmet  ,41.5817,70.5251,-5
313,wqbcrnut  ,41.5798,70.5309,-5
314,wqbcrwq   ,41.5798,70.5309,-5
315,wqbctwq   ,41.5655,70.5211,-5
316,wqbmhnut  ,41.5526,70.5485,-5
317,wqbmhwq   ,41.5526,70.5485,-5
318,wqbmpnut  ,41.5689,70.5216,-5
319,wqbmpwq   ,41.5689,70.5216,-5
320,wqbnbwq   ,41.5788,70.5237,-5
321,wqbnswq   ,41.5788,70.5237,-5
322,wqbslnut  ,41.5542,70.5102,-5
323,wqbslwq   ,41.5542,70.5102,-5

